0 0 0
0.1 0.01 0.0998334
0.2 0.04 0.198669
0.3 0.09 0.29552
0.4 0.16 0.389418
0.5 0.25 0.479426
0.6 0.36 0.564642
0.7 0.49 0.644218
0.8 0.64 0.717356
0.9 0.81 0.783327
1 1 0.841471
1.1 1.21 0.891207
1.2 1.44 0.932039
1.3 1.69 0.963558
1.4 1.96 0.98545
1.5 2.25 0.997495
1.6 2.56 0.999574
1.7 2.89 0.991665
1.8 3.24 0.973848
1.9 3.61 0.9463
2 4 0.909297
2.1 4.41 0.863209
2.2 4.84 0.808496
2.3 5.29 0.745705
2.4 5.76 0.675463
2.5 6.25 0.598472
2.6 6.76 0.515501
2.7 7.29 0.42738
2.8 7.84 0.334988
2.9 8.41 0.239249
3 9 0.14112
3.1 9.61 0.0415805
3.2 10.24 -0.0583742
3.3 10.89 -0.157746
3.4 11.56 -0.255541
3.5 12.25 -0.350783
3.6 12.96 -0.442521
3.7 13.69 -0.529836
3.8 14.44 -0.611858
3.9 15.21 -0.687766
4 16 -0.756802
4.1 16.81 -0.818277
4.2 17.64 -0.871576
4.3 18.49 -0.916166
4.4 19.36 -0.951602
4.5 20.25 -0.97753
4.6 21.16 -0.993691
4.7 22.09 -0.999923
4.8 23.04 -0.996165
4.9 24.01 -0.982453
5 25 -0.958924
5.1 26.01 -0.925815
5.2 27.04 -0.883455
5.3 28.09 -0.832267
5.4 29.16 -0.772764
5.5 30.25 -0.70554
5.6 31.36 -0.631267
5.7 32.49 -0.550685
5.8 33.64 -0.464602
5.9 34.81 -0.373877
6 36 -0.279415
6.1 37.21 -0.182163
6.2 38.44 -0.0830891
6.3 39.69 0.0168141
6.4 40.96 0.116549
6.5 42.25 0.21512
6.6 43.56 0.311541
6.7 44.89 0.40485
6.8 46.24 0.494114
6.9 47.61 0.57844
7 49 0.656987
7.1 50.41 0.728969
7.2 51.84 0.793668
7.3 53.29 0.850437
7.4 54.76 0.898708
7.5 56.25 0.938
7.6 57.76 0.96792
7.7 59.29 0.988168
7.8 60.84 0.998543
7.9 62.41 0.998941
8 64 0.989358
8.1 65.61 0.96989
8.2 67.24 0.940731
8.3 68.89 0.902172
8.4 70.56 0.854599
8.5 72.25 0.798487
8.6 73.96 0.734397
8.7 75.69 0.662969
8.8 77.44 0.584917
8.9 79.21 0.50102
9 81 0.412118
9.1 82.81 0.319098
9.2 84.64 0.22289
9.3 86.49 0.124454
9.4 88.36 0.0247749
9.5 90.25 -0.0751511
9.6 92.16 -0.174327
9.7 94.09 -0.27176
9.8 96.04 -0.366479
9.9 98.01 -0.457536
10 100 -0.544021
10.1 102.01 -0.625071
10.2 104.04 -0.699875
10.3 106.09 -0.767686
10.4 108.16 -0.827827
10.5 110.25 -0.879696
10.6 112.36 -0.922776
10.7 114.49 -0.956635
10.8 116.64 -0.980936
10.9 118.81 -0.995436
11 121 -0.99999
11.1 123.21 -0.994553
11.2 125.44 -0.979178
11.3 127.69 -0.954019
11.4 129.96 -0.919328
11.5 132.25 -0.875452
11.6 134.56 -0.822828
11.7 136.89 -0.761984
11.8 139.24 -0.693525
11.9 141.61 -0.618137
12 144 -0.536573
12.1 146.41 -0.449647
12.2 148.84 -0.358229
12.3 151.29 -0.263232
12.4 153.76 -0.165604
12.5 156.25 -0.0663219
12.6 158.76 0.0336234
12.7 161.29 0.133232
12.8 163.84 0.23151
12.9 166.41 0.327475
13 169 0.420167
13.1 171.61 0.508662
13.2 174.24 0.592073
13.3 176.89 0.66957
13.4 179.56 0.740376
13.5 182.25 0.803784
13.6 184.96 0.859162
13.7 187.69 0.905955
13.8 190.44 0.943696
13.9 193.21 0.972008
14 196 0.990607
14.1 198.81 0.999309
14.2 201.64 0.998027
14.3 204.49 0.986772
14.4 207.36 0.965658
14.5 210.25 0.934895
14.6 213.16 0.894791
14.7 216.09 0.845747
14.8 219.04 0.788252
14.9 222.01 0.722881
15 225 0.650288
15.1 228.01 0.571197
15.2 231.04 0.486399
15.3 234.09 0.39674
15.4 237.16 0.303118
15.5 240.25 0.206467
15.6 243.36 0.107753
15.7 246.49 0.00796337
15.8 249.64 -0.091907
15.9 252.81 -0.190859
16 256 -0.287903
16.1 259.21 -0.382072
16.2 262.44 -0.472423
16.3 265.69 -0.558053
16.4 268.96 -0.638106
16.5 272.25 -0.711785
16.6 275.56 -0.778352
16.7 278.89 -0.837142
16.8 282.24 -0.887568
16.9 285.61 -0.929124
17 289 -0.961397
17.1 292.41 -0.984065
17.2 295.84 -0.9969
17.3 299.29 -0.999774
17.4 302.76 -0.992659
17.5 306.25 -0.975626
17.6 309.76 -0.948844
17.7 313.29 -0.912582
17.8 316.84 -0.867202
17.9 320.41 -0.813157
18 324 -0.750987
18.1 327.61 -0.681314
18.2 331.24 -0.604832
18.3 334.89 -0.522308
18.4 338.56 -0.434566
18.5 342.25 -0.342481
18.6 345.96 -0.246973
18.7 349.69 -0.148998
18.8 353.44 -0.0495345
18.9 357.21 0.0504223
19 361 0.149877
19.1 364.81 0.247835
19.2 368.64 0.343316
19.3 372.49 0.435366
19.4 376.36 0.523065
19.5 380.25 0.60554
19.6 384.16 0.681964
19.7 388.09 0.751574
19.8 392.04 0.813674
19.9 396.01 0.867644
